[Parameter containing:
tensor([[-1.8273e-01, -7.6829e-02, -3.3598e-01, -3.4196e-01,  7.4491e-02,
          1.7261e-01, -1.1743e-01,  7.3974e-02,  7.4967e-02, -2.5937e-01,
         -8.5398e-02,  2.5206e-01,  2.8807e-02, -1.1768e-01,  1.8467e-01,
          3.3196e-01,  3.1147e-01, -2.6898e-02, -2.1351e-01, -1.0367e-01],
        [ 3.9959e-01,  3.5750e-01,  3.9687e-01,  2.5848e-01,  1.0415e-01,
         -1.1965e-01,  4.0099e-01,  2.9334e-02, -8.3751e-02,  2.4611e-01,
          2.4308e-01, -2.5399e-01, -1.6959e-02, -2.3903e-01, -5.5273e-02,
         -3.0804e-01, -5.4037e-01,  3.3776e-02,  1.1805e-01,  3.6856e-01],
        [-2.2956e-01, -1.2775e-01,  5.7277e-02, -2.4212e-01, -1.9087e-01,
          2.0976e-01,  8.5427e-02, -1.3054e-01, -8.2474e-02, -5.4224e-02,
          1.5706e-01, -2.1622e-01,  2.0186e-01, -8.2016e-03, -4.7502e-01,
          1.6320e-01, -6.5117e-01, -1.7616e-01,  2.4817e-01,  2.2199e-01],
        [ 1.8536e-01,  2.8168e-01, -1.9403e-02,  2.0721e-01,  1.8572e-01,
         -2.2208e-01,  2.4180e-02, -8.8289e-02, -2.5206e-01,  2.4227e-01,
          5.4188e-01, -2.4934e-01, -1.1767e-01, -1.4577e-01,  3.8478e-01,
         -7.4744e-01, -3.3103e-02,  1.0308e-01,  9.4332e-03,  9.0862e-02],
        [ 6.3603e-02,  7.6762e-02,  2.5683e-02, -9.7092e-02, -1.7554e-01,
          1.7380e-01,  1.5086e-01, -1.1489e-01, -6.1234e-03,  5.5490e-02,
          4.0037e-01, -1.7324e-01,  6.3275e-02,  4.8607e-02, -2.6683e-01,
         -6.0385e-01, -5.7168e-01, -1.2785e-01,  6.2466e-01,  2.2199e-01],
        [-1.4401e-01,  1.5906e-02, -6.4236e-02, -2.8671e-01, -2.5504e-01,
         -3.4113e-02,  2.4970e-02,  5.2086e-02, -9.0992e-02, -9.7081e-02,
          1.5053e-01,  2.6456e-02, -1.0743e-01, -8.4130e-02, -1.3863e-01,
         -1.2130e-01, -6.7444e-01,  1.7698e-01,  5.9360e-02,  2.8528e-01],
        [ 1.6404e-01,  7.3408e-02, -8.1545e-02, -1.6210e-01, -1.8407e-01,
         -3.5449e-02,  9.8538e-03,  1.2494e-01,  1.3066e-01,  1.8724e-01,
          9.1156e-02, -3.6023e-01, -1.3829e-01,  5.8723e-02, -2.7715e-01,
         -3.5221e-01, -5.5300e-01,  5.0934e-02,  4.3342e-01,  6.7829e-02],
        [-4.9528e-01, -6.2863e-01, -5.7562e-01, -4.1116e-01, -9.7223e-02,
         -5.9374e-02, -5.6467e-01,  1.1087e-01,  1.6471e-01, -6.3268e-01,
          3.0414e-01, -1.1235e-01,  6.9478e-02,  7.1017e-03,  2.9633e-01,
         -2.8789e-01,  2.4312e-01,  2.2028e-01,  1.5247e-01, -2.0936e-01],
        [ 3.8117e-01,  2.6490e-01,  2.6220e-05,  3.1359e-01,  5.8134e-02,
          1.0192e-01,  4.3720e-01, -2.1998e-01, -1.0367e-02,  2.6052e-01,
          2.1075e-01, -1.3245e-01,  7.5277e-03, -1.1440e-01,  6.7986e-01,
         -6.1836e-01,  2.7370e-01, -1.9789e-01,  8.2162e-02,  1.7570e-01],
        [-4.5418e-02, -2.1338e-01, -1.7557e-01, -2.6244e-01, -2.2774e-02,
         -2.2711e-01, -2.1942e-01, -6.2481e-02, -1.5152e-01, -1.7401e-01,
          8.2264e-02, -3.0430e-02, -2.6017e-01,  1.1012e-01, -6.3418e-01,
          2.0547e-01, -7.4925e-01,  2.0338e-01,  2.0841e-01,  2.9557e-01]],
       requires_grad=True), Parameter containing:
tensor([ 0.0260, -0.1222,  0.0671,  0.1708,  0.1385,  0.1285, -0.0049,  0.1909,
        -0.1256,  0.1371], requires_grad=True), Parameter containing:
tensor([[-0.4526,  0.5837,  0.3421, -0.0101,  1.1202,  0.3154,  0.5525, -0.4244,
         -0.2278,  0.4635],
        [-0.1287,  0.0332, -0.2804, -0.4634, -0.7257, -0.3020, -0.2824, -0.5737,
         -0.3140, -0.1312],
        [-0.1537,  0.2795, -0.2404,  0.4115,  0.0347, -0.1690, -0.0985, -0.2313,
          0.7141, -0.3648]], requires_grad=True), Parameter containing:
tensor([-0.0578,  0.2866,  0.0312], requires_grad=True)]
